0 |roiAndLabel 136.0 452.0 286.0 593.0 1.0 599.0 394.0 969.0 573.0 2.0 743.0 364.0 806.0 437.0 3.0
1 |roiAndLabel 82.0 155.0 184.0 563.0 4.0 415.0 203.0 475.0 435.0 4.0 553.0 362.0 665.0 440.0 5.0 654.0 368.0 809.0 464.0 5.0 255.0 368.0 847.0 677.0 6.0 918.0 368.0 1000.0 542.0 7.0 512.0 349.0 549.0 417.0 7.0
2 |roiAndLabel 75.0 7.0 231.0 431.0 4.0 510.0 373.0 704.0 439.0 5.0 333.0 348.0 509.0 402.0 5.0 772.0 334.0 857.0 471.0 7.0 4.0 253.0 783.0 740.0 6.0
3 |roiAndLabel 301.0 333.0 886.0 678.0 6.0 680.0 350.0 851.0 453.0 5.0 580.0 345.0 690.0 427.0 5.0 485.0 204.0 529.0 413.0 4.0 265.0 175.0 333.0 483.0 4.0
4 |roiAndLabel 215.0 322.0 394.0 454.0 5.0 360.0 326.0 469.0 433.0 5.0 453.0 317.0 542.0 417.0 5.0 742.0 166.0 855.0 451.0 4.0 610.0 177.0 715.0 422.0 4.0 510.0 194.0 582.0 406.0 4.0 213.0 170.0 298.0 297.0 4.0 33.0 144.0 144.0 290.0 4.0 69.0 213.0 127.0 292.0 7.0 283.0 233.0 342.0 296.0 7.0 91.0 324.0 996.0 667.0 6.0
5 |roiAndLabel 165.0 231.0 863.0 552.0 6.0 663.0 238.0 813.0 333.0 5.0 565.0 231.0 691.0 307.0 5.0 516.0 184.0 568.0 260.0 7.0
6 |roiAndLabel 331.0 340.0 641.0 432.0 6.0 94.0 163.0 217.0 381.0 4.0 732.0 177.0 850.0 445.0 4.0 401.0 340.0 458.0 394.0 5.0 440.0 340.0 513.0 395.0 5.0 490.0 340.0 549.0 393.0 5.0 608.0 230.0 654.0 406.0 4.0 585.0 249.0 615.0 397.0 4.0 542.0 307.0 566.0 333.0 7.0 461.0 268.0 505.0 349.0 4.0 379.0 266.0 432.0 368.0 4.0
7 |roiAndLabel 262.0 294.0 958.0 727.0 6.0 724.0 365.0 954.0 448.0 5.0 581.0 345.0 769.0 409.0 5.0 629.0 167.0 692.0 237.0 7.0 893.0 155.0 968.0 233.0 7.0 413.0 179.0 458.0 230.0 7.0 279.0 57.0 365.0 325.0 4.0
8 |roiAndLabel 4.0 403.0 840.0 679.0 6.0 348.0 216.0 473.0 461.0 4.0 670.0 218.0 766.0 418.0 4.0 261.0 339.0 339.0 461.0 7.0 8.0 450.0 222.0 675.0 5.0 60.0 407.0 306.0 581.0 5.0
9 |roiAndLabel 5.0 377.0 198.0 507.0 5.0 178.0 355.0 299.0 449.0 5.0 251.0 247.0 292.0 295.0 7.0 349.0 143.0 482.0 430.0 4.0 563.0 103.0 707.0 464.0 4.0 788.0 76.0 1019.0 322.0 4.0 5.0 319.0 544.0 678.0 6.0 792.0 287.0 1018.0 678.0 6.0 831.0 349.0 981.0 445.0 5.0
10 |roiAndLabel 464.0 113.0 531.0 367.0 4.0 643.0 81.0 835.0 407.0 4.0 45.0 205.0 120.0 278.0 7.0 373.0 215.0 413.0 259.0 7.0 132.0 247.0 594.0 592.0 6.0 166.0 322.0 322.0 409.0 5.0 283.0 304.0 390.0 380.0 5.0
11 |roiAndLabel 139.0 277.0 335.0 408.0 5.0 277.0 264.0 407.0 368.0 5.0 342.0 258.0 463.0 347.0 5.0 446.0 273.0 491.0 332.0 7.0 1.0 62.0 154.0 605.0 7.0 88.0 252.0 762.0 661.0 6.0
12 |roiAndLabel 141.0 342.0 335.0 409.0 5.0 349.0 308.0 390.0 368.0 7.0 17.0 285.0 79.0 388.0 7.0 503.0 314.0 533.0 363.0 7.0 82.0 326.0 509.0 655.0 6.0 377.0 322.0 667.0 462.0 6.0 406.0 342.0 517.0 382.0 5.0
13 |roiAndLabel 218.0 180.0 329.0 555.0 4.0 195.0 402.0 1019.0 680.0 6.0 841.0 411.0 950.0 549.0 5.0 926.0 450.0 1016.0 675.0 5.0
14 |roiAndLabel 210.0 226.0 703.0 564.0 6.0 261.0 258.0 423.0 351.0 5.0 403.0 264.0 544.0 343.0 5.0 552.0 257.0 609.0 333.0 7.0 173.0 247.0 237.0 329.0 7.0
15 |roiAndLabel 45.0 294.0 97.0 373.0 7.0 3.0 321.0 519.0 678.0 6.0 313.0 168.0 487.0 401.0 4.0 654.0 168.0 719.0 316.0 4.0 61.0 164.0 132.0 384.0 4.0 1.0 387.0 81.0 582.0 5.0 13.0 343.0 93.0 449.0 5.0 866.0 244.0 928.0 374.0 7.0
16 |roiAndLabel 321.0 290.0 965.0 632.0 6.0 332.0 321.0 521.0 380.0 5.0 478.0 316.0 621.0 371.0 5.0 609.0 290.0 647.0 353.0 7.0 698.0 2.0 784.0 367.0 4.0 951.0 3.0 1021.0 482.0 4.0
17 |roiAndLabel 140.0 327.0 332.0 434.0 5.0 386.0 332.0 493.0 402.0 5.0 588.0 192.0 642.0 406.0 4.0 829.0 145.0 895.0 484.0 4.0 362.0 327.0 731.0 573.0 6.0 115.0 321.0 628.0 676.0 6.0
18 |roiAndLabel 233.0 354.0 849.0 637.0 6.0 542.0 355.0 616.0 426.0 5.0 432.0 354.0 509.0 422.0 5.0 310.0 309.0 355.0 417.0 7.0 711.0 109.0 785.0 377.0 4.0 697.0 313.0 746.0 421.0 7.0 944.0 3.0 1019.0 418.0 4.0
19 |roiAndLabel 435.0 136.0 952.0 447.0 6.0 4.0 236.0 567.0 660.0 6.0 22.0 250.0 214.0 474.0 5.0 267.0 245.0 522.0 414.0 5.0 454.0 144.0 639.0 251.0 5.0 717.0 136.0 854.0 252.0 5.0 830.0 163.0 991.0 311.0 5.0 559.0 58.0 596.0 132.0 7.0 317.0 132.0 367.0 222.0 7.0
20 |roiAndLabel 117.0 299.0 631.0 599.0 6.0 145.0 311.0 287.0 382.0 5.0 256.0 309.0 376.0 361.0 5.0 1.0 363.0 39.0 423.0 7.0
21 |roiAndLabel 89.0 224.0 692.0 583.0 6.0 92.0 287.0 300.0 573.0 7.0 145.0 219.0 216.0 295.0 7.0 167.0 81.0 303.0 321.0 4.0 499.0 106.0 560.0 283.0 4.0 662.0 113.0 716.0 261.0 4.0 855.0 92.0 943.0 327.0 4.0
22 |roiAndLabel 175.0 2.0 301.0 472.0 4.0 404.0 239.0 441.0 292.0 7.0 751.0 245.0 795.0 295.0 7.0 338.0 273.0 912.0 662.0 6.0 439.0 307.0 592.0 403.0 5.0 581.0 304.0 717.0 407.0 5.0
23 |roiAndLabel 151.0 380.0 711.0 674.0 6.0 552.0 338.0 580.0 373.0 7.0 49.0 372.0 115.0 433.0 7.0 204.0 411.0 368.0 477.0 5.0 350.0 407.0 487.0 452.0 5.0
24 |roiAndLabel 27.0 528.0 178.0 672.0 1.0 651.0 468.0 862.0 534.0 2.0 739.0 423.0 821.0 482.0 3.0
25 |roiAndLabel 229.0 431.0 454.0 538.0 2.0 295.0 400.0 339.0 452.0 3.0 860.0 263.0 994.0 660.0 8.0
26 |roiAndLabel 116.0 391.0 260.0 532.0 1.0 439.0 371.0 786.0 593.0 2.0 321.0 393.0 453.0 487.0 2.0 383.0 370.0 409.0 409.0 3.0 589.0 377.0 686.0 459.0 3.0
27 |roiAndLabel 117.0 450.0 296.0 495.0 2.0 143.0 427.0 208.0 475.0 3.0 395.0 150.0 449.0 237.0 8.0
28 |roiAndLabel 119.0 346.0 229.0 411.0 5.0 2.0 352.0 144.0 437.0 5.0 6.0 344.0 306.0 569.0 6.0 665.0 332.0 1020.0 525.0 6.0 681.0 439.0 1018.0 678.0 6.0 939.0 351.0 1021.0 433.0 5.0 576.0 181.0 631.0 456.0 4.0 766.0 170.0 824.0 409.0 4.0
29 |roiAndLabel 801.0 349.0 882.0 394.0 7.0 464.0 337.0 508.0 368.0 7.0 509.0 363.0 599.0 440.0 5.0 558.0 383.0 648.0 450.0 5.0 630.0 370.0 726.0 459.0 5.0 303.0 364.0 795.0 658.0 6.0 881.0 19.0 983.0 657.0 4.0
30 |roiAndLabel 396.0 293.0 836.0 638.0 6.0 538.0 257.0 582.0 301.0 7.0 793.0 247.0 864.0 313.0 7.0 932.0 4.0 998.0 657.0 4.0 657.0 350.0 818.0 407.0 5.0 533.0 335.0 656.0 383.0 5.0
31 |roiAndLabel 723.0 211.0 863.0 308.0 5.0 842.0 241.0 1021.0 343.0 5.0 729.0 118.0 768.0 171.0 7.0 510.0 168.0 1020.0 656.0 6.0 528.0 52.0 631.0 326.0 4.0
32 |roiAndLabel 66.0 1.0 296.0 402.0 4.0 301.0 2.0 438.0 396.0 4.0 566.0 267.0 622.0 371.0 7.0 903.0 323.0 1022.0 499.0 7.0 673.0 305.0 809.0 415.0 5.0 349.0 278.0 896.0 677.0 6.0 670.0 326.0 780.0 415.0 5.0
33 |roiAndLabel 158.0 372.0 384.0 451.0 5.0 389.0 348.0 556.0 398.0 5.0 105.0 283.0 928.0 673.0 6.0 18.0 45.0 73.0 111.0 7.0 524.0 136.0 560.0 177.0 7.0
34 |roiAndLabel 101.0 256.0 158.0 305.0 7.0 123.0 291.0 205.0 386.0 5.0 69.0 275.0 156.0 386.0 5.0 117.0 361.0 219.0 496.0 5.0 10.0 363.0 138.0 655.0 7.0 150.0 2.0 301.0 348.0 4.0 469.0 3.0 571.0 363.0 4.0 894.0 2.0 997.0 607.0 4.0 6.0 237.0 707.0 622.0 6.0
35 |roiAndLabel 703.0 361.0 750.0 426.0 7.0 697.0 364.0 1020.0 638.0 6.0 825.0 387.0 991.0 469.0 5.0 536.0 376.0 645.0 442.0 5.0 329.0 367.0 682.0 584.0 6.0
36 |roiAndLabel 506.0 243.0 701.0 339.0 5.0 344.0 245.0 534.0 325.0 5.0 31.0 217.0 753.0 674.0 6.0 766.0 218.0 853.0 344.0 7.0 332.0 216.0 380.0 288.0 7.0
37 |roiAndLabel 431.0 181.0 477.0 258.0 7.0 758.0 219.0 825.0 334.0 7.0 824.0 217.0 897.0 336.0 7.0 519.0 160.0 1021.0 675.0 6.0 308.0 172.0 785.0 535.0 6.0 182.0 113.0 308.0 440.0 4.0 6.0 103.0 112.0 269.0 4.0
38 |roiAndLabel 53.0 6.0 170.0 344.0 4.0 445.0 97.0 616.0 502.0 4.0 671.0 400.0 705.0 481.0 7.0 750.0 400.0 903.0 513.0 5.0 890.0 423.0 1021.0 543.0 5.0 457.0 406.0 1020.0 727.0 6.0
39 |roiAndLabel 374.0 257.0 843.0 662.0 6.0 839.0 205.0 889.0 266.0 7.0 563.0 220.0 601.0 264.0 7.0 430.0 170.0 514.0 386.0 4.0 683.0 301.0 805.0 389.0 5.0 603.0 293.0 696.0 368.0 5.0
40 |roiAndLabel 80.0 370.0 720.0 654.0 6.0 154.0 391.0 327.0 475.0 5.0 295.0 389.0 445.0 459.0 5.0 442.0 356.0 495.0 432.0 7.0 97.0 357.0 159.0 453.0 7.0 94.0 138.0 148.0 196.0 7.0 435.0 182.0 480.0 241.0 7.0 520.0 43.0 662.0 501.0 4.0
41 |roiAndLabel 250.0 320.0 381.0 420.0 5.0 58.0 326.0 192.0 435.0 5.0 799.0 324.0 912.0 403.0 5.0 716.0 316.0 804.0 388.0 5.0 456.0 290.0 992.0 587.0 6.0 4.0 244.0 682.0 657.0 6.0
42 |roiAndLabel 21.0 180.0 100.0 316.0 7.0 545.0 207.0 622.0 313.0 7.0 808.0 127.0 921.0 394.0 4.0 153.0 259.0 935.0 658.0 6.0 222.0 351.0 413.0 478.0 5.0 368.0 348.0 524.0 466.0 5.0
43 |roiAndLabel 109.0 224.0 571.0 554.0 6.0 570.0 211.0 609.0 263.0 7.0 310.0 216.0 346.0 254.0 7.0 801.0 44.0 857.0 410.0 4.0 925.0 2.0 996.0 664.0 4.0 460.0 271.0 555.0 327.0 5.0 394.0 263.0 480.0 323.0 5.0 342.0 262.0 417.0 309.0 5.0
44 |roiAndLabel 385.0 98.0 769.0 416.0 6.0 564.0 108.0 825.0 288.0 6.0 842.0 63.0 911.0 243.0 4.0 699.0 69.0 754.0 191.0 4.0 443.0 160.0 502.0 224.0 5.0 481.0 159.0 542.0 215.0 5.0 401.0 164.0 462.0 233.0 5.0 550.0 122.0 598.0 196.0 7.0 3.0 59.0 108.0 549.0 7.0
45 |roiAndLabel 307.0 270.0 906.0 625.0 6.0 366.0 272.0 468.0 350.0 5.0 449.0 270.0 564.0 333.0 5.0 535.0 270.0 639.0 338.0 5.0 675.0 169.0 745.0 301.0 7.0 170.0 177.0 263.0 339.0 7.0 148.0 49.0 285.0 336.0 4.0 688.0 62.0 780.0 292.0 4.0 921.0 60.0 1011.0 346.0 4.0
46 |roiAndLabel 137.0 260.0 794.0 666.0 6.0 563.0 306.0 705.0 413.0 5.0 650.0 309.0 795.0 438.0 5.0 812.0 287.0 946.0 471.0 7.0 393.0 241.0 476.0 368.0 7.0 484.0 292.0 599.0 367.0 5.0 37.0 74.0 140.0 403.0 4.0
47 |roiAndLabel 99.0 356.0 283.0 600.0 1.0 654.0 234.0 998.0 354.0 2.0 801.0 197.0 857.0 256.0 3.0
48 |roiAndLabel 267.0 307.0 325.0 355.0 8.0 319.0 304.0 356.0 359.0 8.0 95.0 413.0 452.0 580.0 2.0 206.0 372.0 311.0 446.0 3.0 503.0 545.0 638.0 664.0 1.0
49 |roiAndLabel 790.0 395.0 891.0 583.0 8.0 836.0 196.0 985.0 418.0 8.0 4.0 461.0 378.0 661.0 2.0 34.0 409.0 155.0 529.0 3.0 444.0 500.0 543.0 646.0 1.0
50 |roiAndLabel 3.0 431.0 310.0 596.0 2.0 78.0 415.0 152.0 475.0 3.0 638.0 498.0 762.0 566.0 8.0
51 |roiAndLabel 468.0 528.0 594.0 682.0 1.0 836.0 445.0 866.0 502.0 3.0 744.0 468.0 974.0 587.0 2.0
52 |roiAndLabel 652.0 391.0 895.0 454.0 2.0 746.0 367.0 776.0 403.0 3.0
53 |roiAndLabel 72.0 364.0 541.0 580.0 2.0 266.0 324.0 331.0 405.0 3.0 504.0 486.0 720.0 598.0 1.0
54 |roiAndLabel 416.0 431.0 672.0 517.0 2.0 524.0 417.0 555.0 450.0 3.0 669.0 590.0 855.0 680.0 1.0
55 |roiAndLabel 250.0 527.0 399.0 613.0 2.0 371.0 483.0 479.0 609.0 1.0 680.0 452.0 871.0 536.0 2.0 804.0 446.0 863.0 504.0 3.0
56 |roiAndLabel 15.0 426.0 154.0 662.0 8.0 186.0 453.0 489.0 550.0 2.0 299.0 437.0 352.0 484.0 3.0
57 |roiAndLabel 224.0 559.0 342.0 720.0 1.0 0.0 523.0 217.0 695.0 2.0 50.0 526.0 99.0 581.0 3.0
58 |roiAndLabel 462.0 501.0 608.0 646.0 8.0 290.0 461.0 664.0 678.0 2.0 696.0 489.0 889.0 633.0 1.0 314.0 480.0 421.0 571.0 3.0
59 |roiAndLabel 22.0 496.0 283.0 564.0 2.0 117.0 449.0 162.0 518.0 3.0 109.0 631.0 256.0 733.0 8.0 722.0 643.0 888.0 731.0 1.0
60 |roiAndLabel 103.0 425.0 399.0 626.0 2.0 214.0 408.0 257.0 465.0 3.0 521.0 459.0 640.0 563.0 2.0 578.0 444.0 607.0 487.0 3.0 668.0 490.0 802.0 646.0 1.0
61 |roiAndLabel 122.0 477.0 438.0 597.0 2.0 62.0 411.0 214.0 600.0 3.0 4.0 397.0 94.0 437.0 1.0
62 |roiAndLabel 615.0 399.0 767.0 599.0 1.0 203.0 99.0 369.0 296.0 8.0 310.0 84.0 412.0 248.0 8.0 127.0 334.0 377.0 537.0 2.0 137.0 323.0 218.0 423.0 3.0
63 |roiAndLabel 268.0 501.0 385.0 624.0 8.0 386.0 534.0 502.0 660.0 1.0 602.0 464.0 833.0 570.0 2.0 697.0 431.0 812.0 495.0 3.0 709.0 298.0 758.0 367.0 8.0 666.0 304.0 711.0 366.0 8.0
64 |roiAndLabel 316.0 440.0 598.0 649.0 2.0 353.0 450.0 439.0 517.0 3.0 643.0 479.0 781.0 666.0 1.0
65 |roiAndLabel 1.0 421.0 274.0 521.0 2.0 603.0 614.0 857.0 680.0 1.0 351.0 395.0 468.0 440.0 8.0 268.0 419.0 394.0 470.0 8.0
66 |roiAndLabel 243.0 446.0 383.0 556.0 2.0 310.0 431.0 338.0 467.0 3.0 680.0 397.0 755.0 458.0 3.0 562.0 398.0 797.0 537.0 2.0 388.0 463.0 517.0 653.0 1.0
67 |roiAndLabel 253.0 599.0 583.0 763.0 1.0 623.0 449.0 1021.0 705.0 2.0 836.0 413.0 905.0 507.0 3.0 782.0 22.0 841.0 126.0 8.0
68 |roiAndLabel 401.0 474.0 497.0 516.0 2.0 290.0 458.0 390.0 544.0 1.0 422.0 272.0 454.0 348.0 8.0 393.0 270.0 423.0 347.0 8.0 735.0 414.0 903.0 455.0 2.0 861.0 397.0 929.0 441.0 3.0
69 |roiAndLabel 431.0 396.0 637.0 469.0 2.0 535.0 376.0 596.0 424.0 3.0 736.0 459.0 826.0 663.0 8.0 824.0 477.0 935.0 662.0 8.0
70 |roiAndLabel 6.0 490.0 157.0 703.0 8.0 180.0 430.0 432.0 497.0 2.0 285.0 381.0 318.0 445.0 3.0
71 |roiAndLabel 218.0 541.0 390.0 677.0 1.0 548.0 423.0 707.0 546.0 2.0 642.0 413.0 695.0 465.0 3.0 52.0 505.0 178.0 678.0 8.0
72 |roiAndLabel 29.0 526.0 193.0 632.0 1.0 591.0 444.0 971.0 575.0 2.0 756.0 421.0 806.0 474.0 3.0 650.0 544.0 852.0 634.0 8.0 582.0 496.0 657.0 632.0 8.0 313.0 557.0 361.0 636.0 8.0
73 |roiAndLabel 86.0 526.0 234.0 676.0 1.0 658.0 436.0 884.0 551.0 2.0 761.0 432.0 804.0 475.0 3.0
74 |roiAndLabel 566.0 544.0 723.0 658.0 2.0 604.0 525.0 635.0 570.0 3.0 292.0 386.0 321.0 449.0 3.0
75 |roiAndLabel 47.0 434.0 318.0 614.0 2.0 199.0 375.0 287.0 471.0 3.0 350.0 479.0 480.0 661.0 1.0
76 |roiAndLabel 631.0 513.0 833.0 677.0 1.0 353.0 357.0 544.0 447.0 2.0 411.0 346.0 445.0 387.0 3.0
77 |roiAndLabel 28.0 485.0 464.0 712.0 9.0 0.0 587.0 79.0 742.0 8.0 542.0 449.0 760.0 572.0 2.0 589.0 427.0 684.0 537.0 3.0 766.0 529.0 982.0 850.0 1.0
78 |roiAndLabel 72.0 140.0 242.0 402.0 10.0 232.0 147.0 313.0 205.0 11.0 231.0 202.0 331.0 344.0 12.0 83.0 41.0 170.0 97.0 13.0
79 |roiAndLabel 0.0 540.0 261.0 840.0 1.0 41.0 56.0 114.0 134.0 14.0 403.0 90.0 497.0 179.0 14.0
80 |roiAndLabel 525.0 404.0 950.0 608.0 15.0 668.0 449.0 775.0 501.0 16.0 769.0 456.0 807.0 488.0 17.0 637.0 374.0 732.0 470.0 18.0 803.0 350.0 866.0 398.0 18.0
81 |roiAndLabel 120.0 258.0 312.0 434.0 12.0 123.0 113.0 314.0 265.0 11.0 416.0 1.0 585.0 143.0 19.0 524.0 405.0 683.0 507.0 20.0
82 |roiAndLabel 47.0 312.0 282.0 594.0 2.0 105.0 292.0 203.0 357.0 3.0 302.0 258.0 485.0 574.0 1.0 496.0 401.0 940.0 616.0 9.0 792.0 286.0 896.0 453.0 3.0
83 |roiAndLabel 257.0 380.0 392.0 495.0 18.0 387.0 376.0 518.0 486.0 18.0 612.0 365.0 742.0 476.0 18.0 750.0 359.0 870.0 466.0 18.0 960.0 373.0 1072.0 468.0 18.0 196.0 476.0 361.0 510.0 16.0 377.0 476.0 530.0 504.0 16.0 644.0 468.0 781.0 499.0 16.0 789.0 458.0 922.0 501.0 16.0 950.0 458.0 1090.0 489.0 16.0 525.0 481.0 555.0 505.0 17.0 770.0 468.0 803.0 498.0 17.0 906.0 462.0 941.0 490.0 17.0 1071.0 454.0 1101.0 484.0 17.0 214.0 320.0 270.0 371.0 21.0 511.0 309.0 560.0 381.0 21.0 559.0 313.0 613.0 376.0 21.0 841.0 309.0 898.0 367.0 21.0 894.0 317.0 945.0 370.0 21.0
84 |roiAndLabel 1002.0 737.0 1308.0 1295.0 1.0 623.0 690.0 992.0 860.0 2.0 726.0 639.0 910.0 771.0 3.0 0.0 757.0 561.0 1333.0 9.0
85 |roiAndLabel 240.0 1364.0 1676.0 2748.0 12.0 288.0 536.0 1236.0 1216.0 11.0 0.0 1352.0 300.0 1952.0 22.0
86 |roiAndLabel 785.0 272.0 985.0 327.0 23.0 268.0 163.0 387.0 314.0 12.0 0.0 111.0 210.0 534.0 10.0
87 |roiAndLabel 352.0 65.0 478.0 187.0 18.0 249.0 171.0 374.0 277.0 16.0 297.0 163.0 351.0 193.0 17.0
88 |roiAndLabel 65.0 143.0 132.0 249.0 18.0 146.0 205.0 196.0 253.0 16.0 135.0 194.0 165.0 217.0 17.0
89 |roiAndLabel 3.0 365.0 332.0 456.0 2.0 73.0 316.0 135.0 383.0 3.0 746.0 520.0 1020.0 676.0 1.0 9.0 396.0 150.0 675.0 8.0
90 |roiAndLabel 265.0 478.0 414.0 647.0 1.0 595.0 402.0 850.0 541.0 2.0 688.0 350.0 724.0 422.0 3.0
91 |roiAndLabel 454.0 462.0 596.0 672.0 1.0 643.0 352.0 847.0 449.0 2.0 718.0 335.0 769.0 378.0 3.0
92 |roiAndLabel 171.0 435.0 433.0 547.0 2.0 204.0 383.0 276.0 463.0 3.0 677.0 513.0 835.0 656.0 1.0 839.0 349.0 921.0 547.0 8.0 842.0 102.0 916.0 303.0 8.0
93 |roiAndLabel 7.0 338.0 337.0 551.0 2.0 100.0 340.0 172.0 410.0 3.0 589.0 393.0 765.0 515.0 2.0 685.0 373.0 721.0 418.0 3.0 813.0 441.0 996.0 631.0 1.0
94 |roiAndLabel 188.0 153.0 404.0 340.0 18.0 214.0 359.0 362.0 401.0 16.0 421.0 348.0 456.0 380.0 17.0 1.0 315.0 142.0 408.0 18.0
95 |roiAndLabel 549.0 0.0 771.0 208.0 19.0 628.0 340.0 762.0 492.0 12.0 1047.0 111.0 1268.0 604.0 10.0 950.0 333.0 1060.0 435.0 11.0 975.0 256.0 1032.0 332.0 24.0
96 |roiAndLabel 183.0 356.0 289.0 472.0 18.0 78.0 442.0 165.0 481.0 16.0 147.0 462.0 179.0 486.0 17.0 828.0 609.0 1080.0 720.0 16.0 3.0 410.0 324.0 705.0 15.0
97 |roiAndLabel 563.0 355.0 644.0 439.0 18.0 525.0 423.0 609.0 468.0 16.0 456.0 402.0 734.0 637.0 15.0 170.0 345.0 240.0 410.0 18.0 403.0 312.0 440.0 354.0 18.0 801.0 341.0 861.0 403.0 18.0 753.0 420.0 809.0 466.0 16.0 774.0 414.0 795.0 432.0 17.0 833.0 394.0 905.0 420.0 16.0 499.0 306.0 525.0 333.0 18.0 639.0 321.0 676.0 365.0 18.0 761.0 301.0 791.0 327.0 18.0 278.0 321.0 311.0 354.0 18.0
98 |roiAndLabel 561.0 180.0 632.0 252.0 18.0 528.0 255.0 591.0 288.0 16.0 388.0 175.0 434.0 233.0 18.0 540.0 267.0 560.0 282.0 17.0 227.0 158.0 261.0 194.0 18.0 300.0 148.0 336.0 201.0 18.0
99 |roiAndLabel 432.0 179.0 581.0 310.0 18.0 462.0 288.0 592.0 328.0 16.0 658.0 139.0 715.0 237.0 18.0 706.0 147.0 779.0 222.0 18.0 347.0 158.0 410.0 293.0 18.0 256.0 150.0 347.0 278.0 18.0 299.0 269.0 341.0 306.0 17.0
100 |roiAndLabel 829.0 161.0 953.0 365.0 13.0 637.0 284.0 700.0 363.0 24.0 1008.0 307.0 1082.0 370.0 20.0 798.0 214.0 1016.0 350.0 12.0
101 |roiAndLabel 533.0 245.0 684.0 401.0 1.0 304.0 198.0 388.0 230.0 2.0 337.0 178.0 358.0 211.0 3.0 63.0 0.0 138.0 43.0 14.0
102 |roiAndLabel 161.0 146.0 227.0 229.0 18.0 252.0 189.0 342.0 259.0 18.0 710.0 220.0 870.0 362.0 18.0 617.0 145.0 692.0 214.0 18.0 520.0 230.0 610.0 311.0 18.0
103 |roiAndLabel 269.0 444.0 404.0 613.0 18.0 578.0 445.0 869.0 767.0 18.0 649.0 384.0 713.0 448.0 18.0 245.0 599.0 328.0 656.0 16.0
104 |roiAndLabel 88.0 488.0 249.0 791.0 1.0 321.0 400.0 498.0 635.0 2.0 378.0 368.0 429.0 435.0 3.0 633.0 475.0 712.0 620.0 8.0 515.0 421.0 955.0 730.0 9.0 544.0 393.0 640.0 466.0 3.0
105 |roiAndLabel 70.0 299.0 556.0 615.0 2.0 210.0 229.0 329.0 347.0 3.0 451.0 293.0 695.0 512.0 1.0 855.0 371.0 995.0 656.0 8.0 484.0 0.0 560.0 144.0 8.0
106 |roiAndLabel 1271.0 948.0 1501.0 1225.0 18.0 2212.0 1363.0 2692.0 1709.0 18.0 292.0 1048.0 591.0 1344.0 18.0 1110.0 972.0 1340.0 1225.0 18.0 3114.0 972.0 3310.0 1202.0 18.0 2849.0 937.0 3011.0 1156.0 18.0
107 |roiAndLabel 94.0 425.0 298.0 557.0 11.0 941.0 401.0 1020.0 502.0 24.0 917.0 67.0 1200.0 341.0 19.0 871.0 542.0 1138.0 715.0 20.0
108 |roiAndLabel 235.0 504.0 389.0 772.0 25.0 540.0 116.0 787.0 413.0 19.0 701.0 425.0 752.0 473.0 24.0 590.0 370.0 671.0 484.0 12.0 786.0 522.0 876.0 599.0 20.0
109 |roiAndLabel 97.0 219.0 220.0 396.0 26.0 779.0 385.0 941.0 458.0 27.0 773.0 459.0 1019.0 622.0 11.0 772.0 593.0 1023.0 702.0 12.0 0.0 561.0 142.0 632.0 23.0
110 |roiAndLabel 472.0 0.0 674.0 141.0 23.0 31.0 251.0 151.0 313.0 20.0 897.0 174.0 990.0 293.0 12.0 840.0 226.0 905.0 310.0 13.0 211.0 131.0 319.0 303.0 10.0
111 |roiAndLabel 144.0 363.0 219.0 427.0 24.0 642.0 195.0 774.0 292.0 11.0 828.0 365.0 889.0 430.0 24.0 682.0 388.0 731.0 424.0 20.0 820.0 139.0 1014.0 249.0 19.0
112 |roiAndLabel 714.0 437.0 877.0 800.0 12.0 979.0 552.0 1176.0 800.0 11.0
113 |roiAndLabel 337.0 247.0 396.0 293.0 3.0 271.0 250.0 435.0 350.0 9.0 500.0 236.0 550.0 263.0 3.0 444.0 242.0 527.0 284.0 2.0 138.0 73.0 172.0 107.0 14.0 99.0 109.0 147.0 134.0 14.0
114 |roiAndLabel 275.0 402.0 324.0 485.0 8.0 33.0 370.0 334.0 534.0 9.0 250.0 303.0 318.0 380.0 3.0 519.0 309.0 576.0 339.0 3.0 417.0 311.0 479.0 340.0 3.0
115 |roiAndLabel 393.0 431.0 735.0 671.0 9.0 630.0 330.0 763.0 456.0 3.0
116 |roiAndLabel 409.0 252.0 523.0 434.0 18.0 302.0 235.0 414.0 393.0 18.0 401.0 442.0 455.0 488.0 17.0 905.0 156.0 960.0 215.0 18.0 776.0 184.0 849.0 278.0 18.0 272.0 384.0 396.0 460.0 16.0 529.0 341.0 563.0 430.0 21.0 518.0 187.0 571.0 251.0 18.0
117 |roiAndLabel 990.0 552.0 1474.0 886.0 15.0 830.0 427.0 936.0 560.0 18.0 754.0 502.0 845.0 552.0 16.0 618.0 496.0 696.0 542.0 16.0 650.0 434.0 728.0 526.0 18.0 203.0 530.0 510.0 726.0 18.0 131.0 450.0 256.0 568.0 18.0 290.0 734.0 562.0 816.0 16.0 11.0 674.0 918.0 1099.0 15.0
118 |roiAndLabel 371.0 121.0 430.0 267.0 28.0 0.0 19.0 67.0 107.0 29.0 139.0 31.0 185.0 195.0 4.0 351.0 9.0 401.0 239.0 4.0 434.0 143.0 463.0 209.0 7.0 96.0 77.0 132.0 139.0 7.0 58.0 149.0 118.0 206.0 5.0 1.0 154.0 49.0 217.0 5.0 1.0 129.0 260.0 331.0 6.0 257.0 150.0 345.0 254.0 25.0
119 |roiAndLabel 197.0 16.0 279.0 274.0 4.0 297.0 46.0 335.0 101.0 7.0 280.0 241.0 500.0 373.0 6.0 199.0 208.0 312.0 364.0 25.0 334.0 123.0 399.0 290.0 30.0
120 |roiAndLabel 67.0 145.0 467.0 374.0 6.0
121 |roiAndLabel 2.0 0.0 249.0 150.0 6.0 120.0 8.0 140.0 34.0 7.0 306.0 2.0 344.0 57.0 7.0 154.0 1.0 258.0 80.0 4.0
122 |roiAndLabel 188.0 0.0 258.0 63.0 7.0 110.0 102.0 139.0 171.0 7.0 159.0 0.0 223.0 182.0 4.0 250.0 0.0 314.0 223.0 4.0 34.0 160.0 295.0 288.0 6.0
123 |roiAndLabel 286.0 27.0 382.0 134.0 29.0 312.0 128.0 346.0 175.0 7.0 447.0 134.0 482.0 196.0 7.0 248.0 129.0 274.0 158.0 7.0 21.0 138.0 64.0 176.0 28.0 146.0 84.0 224.0 200.0 30.0 113.0 178.0 430.0 333.0 6.0
124 |roiAndLabel 226.0 109.0 280.0 180.0 7.0 80.0 163.0 184.0 213.0 5.0 0.0 192.0 379.0 375.0 6.0 1.0 164.0 124.0 218.0 5.0
125 |roiAndLabel 368.0 88.0 476.0 298.0 31.0 106.0 157.0 165.0 240.0 7.0 554.0 161.0 615.0 217.0 7.0 196.0 275.0 799.0 530.0 6.0 598.0 244.0 796.0 373.0 5.0 524.0 235.0 699.0 321.0 5.0
126 |roiAndLabel 138.0 0.0 232.0 182.0 4.0 332.0 9.0 413.0 83.0 29.0 354.0 150.0 390.0 197.0 7.0 285.0 134.0 344.0 179.0 5.0 396.0 143.0 481.0 208.0 5.0 159.0 128.0 350.0 307.0 6.0 293.0 151.0 500.0 329.0 6.0 81.0 156.0 169.0 253.0 25.0
127 |roiAndLabel 54.0 47.0 130.0 129.0 28.0 407.0 86.0 450.0 147.0 7.0 151.0 13.0 239.0 171.0 32.0 359.0 12.0 456.0 179.0 32.0
128 |roiAndLabel 0.0 171.0 100.0 289.0 28.0 359.0 150.0 425.0 206.0 7.0 667.0 157.0 716.0 222.0 7.0 479.0 72.0 596.0 200.0 29.0 249.0 192.0 673.0 406.0 6.0
129 |roiAndLabel 65.0 92.0 133.0 152.0 29.0 44.0 175.0 305.0 350.0 6.0 189.0 68.0 268.0 201.0 4.0 0.0 147.0 35.0 224.0 7.0 307.0 85.0 386.0 258.0 32.0 362.0 60.0 415.0 304.0 31.0
130 |roiAndLabel 92.0 129.0 147.0 224.0 7.0 300.0 134.0 341.0 198.0 7.0 0.0 44.0 80.0 310.0 31.0 148.0 147.0 435.0 333.0 6.0 320.0 47.0 379.0 212.0 4.0 163.0 160.0 238.0 213.0 5.0 235.0 162.0 297.0 208.0 5.0
131 |roiAndLabel 265.0 78.0 314.0 159.0 7.0 377.0 87.0 419.0 143.0 7.0 125.0 94.0 159.0 149.0 7.0 214.0 41.0 266.0 188.0 4.0 0.0 110.0 227.0 252.0 6.0 50.0 126.0 115.0 156.0 5.0 1.0 125.0 66.0 163.0 5.0 455.0 1.0 500.0 132.0 28.0
132 |roiAndLabel 3.0 51.0 124.0 256.0 32.0 110.0 29.0 153.0 287.0 4.0 187.0 17.0 233.0 274.0 4.0 287.0 24.0 331.0 259.0 4.0
133 |roiAndLabel 1.0 97.0 114.0 202.0 28.0 186.0 3.0 243.0 252.0 4.0 219.0 136.0 428.0 227.0 6.0 417.0 98.0 477.0 171.0 7.0 77.0 175.0 176.0 375.0 25.0
134 |roiAndLabel 15.0 215.0 247.0 405.0 6.0 260.0 176.0 307.0 277.0 7.0 93.0 220.0 160.0 273.0 5.0 157.0 218.0 236.0 276.0 5.0
135 |roiAndLabel 256.0 88.0 335.0 209.0 7.0 378.0 1.0 500.0 161.0 29.0 295.0 158.0 500.0 317.0 33.0 259.0 251.0 490.0 371.0 34.0 126.0 157.0 262.0 321.0 25.0 0.0 182.0 155.0 372.0 25.0
136 |roiAndLabel 297.0 97.0 500.0 253.0 6.0 382.0 97.0 439.0 157.0 5.0 101.0 173.0 408.0 375.0 33.0
137 |roiAndLabel 86.0 151.0 350.0 298.0 6.0 105.0 137.0 186.0 170.0 29.0 117.0 154.0 186.0 203.0 5.0 178.0 150.0 238.0 192.0 5.0 317.0 97.0 345.0 149.0 7.0
138 |roiAndLabel 386.0 132.0 500.0 234.0 5.0
139 |roiAndLabel 2341.0 914.0 3030.0 2103.0 7.0
140 |roiAndLabel 58.0 33.0 119.0 180.0 32.0 104.0 29.0 153.0 197.0 4.0 1.0 29.0 63.0 188.0 32.0 123.0 102.0 350.0 272.0 6.0 211.0 132.0 267.0 171.0 5.0 223.0 104.0 278.0 150.0 5.0 282.0 109.0 337.0 153.0 5.0 265.0 137.0 331.0 179.0 5.0 192.0 101.0 231.0 158.0 7.0
141 |roiAndLabel 0.0 17.0 55.0 80.0 7.0 221.0 32.0 267.0 82.0 7.0 95.0 25.0 192.0 113.0 29.0 55.0 118.0 350.0 300.0 6.0 262.0 36.0 325.0 109.0 29.0
142 |roiAndLabel 278.0 144.0 330.0 231.0 7.0 275.0 187.0 500.0 366.0 33.0 443.0 212.0 500.0 285.0 5.0 200.0 66.0 304.0 284.0 32.0 0.0 54.0 126.0 332.0 32.0
143 |roiAndLabel 0.0 71.0 46.0 134.0 7.0 214.0 64.0 249.0 120.0 7.0 42.0 93.0 135.0 161.0 5.0 155.0 96.0 233.0 148.0 5.0 16.0 127.0 350.0 299.0 6.0
144 |roiAndLabel 1.0 56.0 332.0 264.0 33.0 125.0 167.0 378.0 319.0 34.0
145 |roiAndLabel 50.0 34.0 93.0 133.0 7.0 319.0 3.0 392.0 101.0 7.0 203.0 191.0 344.0 375.0 25.0 340.0 201.0 500.0 375.0 25.0 3.0 108.0 242.0 273.0 33.0 374.0 9.0 500.0 235.0 32.0 322.0 12.0 390.0 200.0 4.0
146 |roiAndLabel 128.0 128.0 306.0 300.0 6.0 107.0 140.0 139.0 195.0 7.0 225.0 136.0 249.0 188.0 7.0 18.0 11.0 82.0 110.0 7.0 288.0 86.0 407.0 218.0 4.0 389.0 2.0 500.0 329.0 30.0
